{
    "USD_IR_VANILLA_5Y": {
        "instrument_id": "USD_IR_VANILLA_5Y",
        "pricing_method": "TFF",
        "product_static_dict": {
            "product_type": "VanillaBond",
            "valuation_date": "2025-05-18",
            "maturity_date": "2030-05-18",
            "coupon_rate": 0.03,
            "face_value": 100.0,
            "freq": 2,
            "settlement_days": 0,
            "currency": "USD",
            "index_stub": "IR",
            "credit_spread_curve_name": null,
            "calendar": "Federal Reserve Bankwire System",
            "day_count": "Actual/Actual (ISDA)"
        },
        "tff_model_dict": {
            "A": [
                [
                    -0.20801382439168492,
                    0.10550544428422626,
                    -0.14459485976831132,
                    -0.06692418195117611,
                    0.012215994997831103,
                    0.02212220165501222,
                    0.00919090472386408,
                    -0.04089445233564959
                ],
                [
                    0.10550544428422626,
                    0.6414360372723991,
                    -0.03243019957814397,
                    -0.6044630453279201,
                    -0.10672005262007289,
                    -0.06699652351125929,
                    -0.04287134960479477,
                    -0.32902645472184133
                ],
                [
                    -0.14459485976831132,
                    -0.03243019957814397,
                    1.0401898499059001,
                    0.39775211266909416,
                    0.13286315588424458,
                    -0.11048232701939398,
                    0.11046716217760938,
                    -0.2777737653768142
                ],
                [
                    -0.06692418195117611,
                    -0.6044630453279201,
                    0.39775211266909416,
                    3.5688134166074406,
                    1.2753238299776335,
                    0.023792786090865548,
                    -0.2459082528113541,
                    0.7070768174589617
                ],
                [
                    0.012215994997831103,
                    -0.10672005262007289,
                    0.13286315588424458,
                    1.2753238299776335,
                    15.440375159941908,
                    6.685673083605593,
                    0.6260081789729242,
                    -0.23490823569888164
                ],
                [
                    0.02212220165501222,
                    -0.06699652351125929,
                    -0.11048232701939398,
                    0.023792786090865548,
                    6.685673083605593,
                    1098.5662545017628,
                    1.4357421900016263,
                    -0.32120679181794287
                ],
                [
                    0.00919090472386408,
                    -0.04287134960479477,
                    0.11046716217760938,
                    -0.2459082528113541,
                    0.6260081789729242,
                    1.4357421900016263,
                    0.0703578656089121,
                    0.41526217756778117
                ],
                [
                    -0.04089445233564959,
                    -0.32902645472184133,
                    -0.2777737653768142,
                    0.7070768174589617,
                    -0.23490823569888164,
                    -0.32120679181794287,
                    0.41526217756778117,
                    -0.39339750931631556
                ]
            ],
            "b": [
                0.01319873886754408,
                -0.7110502242530004,
                -2.59996016852136,
                -5.965342437461995,
                -14.96386091095414,
                -511.0910787503748,
                -0.7410268712252162,
                0.023774891031933976
            ],
            "c": 114.95302137758698,
            "D": 8
        },
        "tff_raw_input_names": [
            "USD_IR_0.25Y",
            "USD_IR_0.50Y",
            "USD_IR_1.00Y",
            "USD_IR_2.00Y",
            "USD_IR_3.00Y",
            "USD_IR_5.00Y",
            "USD_IR_7.00Y",
            "USD_IR_10.00Y"
        ],
        "tff_normalization_params": {
            "means": null,
            "stds": null,
            "engineered_feature_names": [
                "USD_IR_0.25Y",
                "USD_IR_0.50Y",
                "USD_IR_1.00Y",
                "USD_IR_2.00Y",
                "USD_IR_3.00Y",
                "USD_IR_5.00Y",
                "USD_IR_7.00Y",
                "USD_IR_10.00Y"
            ],
            "is_engineered": false
        },
        "tff_option_feature_order": 0,
        "tff_rmse": 6.517017801344159e-06,
        "tff_fit_time_seconds": 0.014246225357055664
    },
    "USD_IR_VANILLA_SPREAD_7Y": {
        "instrument_id": "USD_IR_VANILLA_SPREAD_7Y",
        "pricing_method": "TFF",
        "product_static_dict": {
            "product_type": "VanillaBond",
            "valuation_date": "2025-05-18",
            "maturity_date": "2032-05-18",
            "coupon_rate": 0.04,
            "face_value": 100.0,
            "freq": 2,
            "settlement_days": 0,
            "currency": "USD",
            "index_stub": "IR",
            "credit_spread_curve_name": "USD_FIN_AA",
            "calendar": "Federal Reserve Bankwire System",
            "day_count": "Actual/Actual (ISDA)"
        },
        "tff_model_dict": {
            "A": [
                [
                    -213.54356287998687,
                    -36.999425575762935,
                    -47.25103774003855,
                    -104.89125307436939,
                    0.025568701951241835,
                    186.01453177360364,
                    -30.692461585053515,
                    85.2861040671489,
                    117.74868424992192,
                    -224.62354585339364,
                    50.3156869557006,
                    -6.938705577237007,
                    -402.55718747235665,
                    155.20029240919945,
                    -69.42097464051346,
                    111.39959403691007
                ],
                [
                    -36.999425575762935,
                    182.1316484011163,
                    53.64436333305848,
                    33.940640204379235,
                    28.78313749772498,
                    27.023413406259202,
                    236.9922838293308,
                    284.6597928163542,
                    -168.82448952417724,
                    29.666141445848943,
                    181.576874744635,
                    -8.433025068322564,
                    14.589168789494511,
                    90.19993619794349,
                    154.89546307131963,
                    -28.59317856913648
                ],
                [
                    -47.25103774003855,
                    53.64436333305848,
                    -87.59238751447054,
                    56.11949570820487,
                    35.4541480654794,
                    -55.744726048632444,
                    -182.240460232224,
                    68.44148705102113,
                    85.06992125813953,
                    -2.6680454916152705,
                    -211.7282592004862,
                    112.60154363857454,
                    -166.44675235984008,
                    -147.26585737625024,
                    -17.191217456985758,
                    -113.09792539536963
                ],
                [
                    -104.89125307436939,
                    33.940640204379235,
                    56.11949570820487,
                    -108.74913948385134,
                    -155.3065440862283,
                    120.23260871854774,
                    -149.54610237222704,
                    -48.51889778373996,
                    151.45271662093324,
                    57.37708302620606,
                    66.81349717659234,
                    30.49501288534588,
                    136.95562297223424,
                    -2.9098066756710637,
                    -208.5630536661481,
                    52.99908261330276
                ],
                [
                    0.025568701951241835,
                    28.78313749772498,
                    35.4541480654794,
                    -155.3065440862283,
                    49.216832928363985,
                    -10.706268413501448,
                    -51.61594340528268,
                    157.46923579309842,
                    -75.05809405837311,
                    -27.78061947191941,
                    -25.725127678961258,
                    -61.34916467753728,
                    6.187217052611878,
                    19.123565232120775,
                    -23.63763767303297,
                    -86.71523744413992
                ],
                [
                    186.01453177360364,
                    27.023413406259202,
                    -55.744726048632444,
                    120.23260871854774,
                    -10.706268413501448,
                    -142.88057651903583,
                    -27.045481136370213,
                    5.211975574224894,
                    135.61457837754574,
                    53.870477762240554,
                    -18.817396433469664,
                    -33.4817130142789,
                    -47.48628121434611,
                    -42.535126883644686,
                    -125.07234871916462,
                    -93.59459437210232
                ],
                [
                    -30.692461585053515,
                    236.9922838293308,
                    -182.240460232224,
                    -149.54610237222704,
                    -51.61594340528268,
                    -27.045481136370213,
                    1539.7986589521622,
                    24.399426657736583,
                    -15.381819196716485,
                    -73.8509370295489,
                    -75.98131685632225,
                    -49.92578843478974,
                    -98.92801018854084,
                    -19.857059708725366,
                    774.3336158486497,
                    -61.463697761400354
                ],
                [
                    85.2861040671489,
                    284.6597928163542,
                    68.44148705102113,
                    -48.51889778373996,
                    157.46923579309842,
                    5.211975574224894,
                    24.399426657736583,
                    -267.76161380767246,
                    50.26273581321569,
                    -80.48551169772426,
                    -85.94665518955514,
                    -25.957368975224455,
                    -124.76779020822472,
                    -70.8701889047239,
                    64.607212272671,
                    -17.0849791908638
                ],
                [
                    117.74868424992192,
                    -168.82448952417724,
                    85.06992125813953,
                    151.45271662093324,
                    -75.05809405837311,
                    135.61457837754574,
                    -15.381819196716485,
                    50.26273581321569,
                    31.118097164325498,
                    -4.738673218641331,
                    -36.13188533559243,
                    121.10322456340403,
                    57.53341371450219,
                    48.536846027362095,
                    58.37525403038541,
                    -6.09977226890657
                ],
                [
                    -224.62354585339364,
                    29.666141445848943,
                    -2.6680454916152705,
                    57.37708302620606,
                    -27.78061947191941,
                    53.870477762240554,
                    -73.8509370295489,
                    -80.48551169772426,
                    -4.738673218641331,
                    54.402241935039264,
                    -121.55118790756946,
                    -53.20783719436175,
                    51.99333589872038,
                    13.220969738565742,
                    19.604541752646966,
                    104.19416058059852
                ],
                [
                    50.3156869557006,
                    181.576874744635,
                    -211.7282592004862,
                    66.81349717659234,
                    -25.725127678961258,
                    -18.817396433469664,
                    -75.98131685632225,
                    -85.94665518955514,
                    -36.13188533559243,
                    -121.55118790756946,
                    -79.79660505586648,
                    -102.4121935777606,
                    70.39739732374599,
                    -115.64026560937432,
                    -47.77566557121719,
                    -69.60704138514458
                ],
                [
                    -6.938705577237007,
                    -8.433025068322564,
                    112.60154363857454,
                    30.49501288534588,
                    -61.34916467753728,
                    -33.4817130142789,
                    -49.92578843478974,
                    -25.957368975224455,
                    121.10322456340403,
                    -53.20783719436175,
                    -102.4121935777606,
                    8.439105433133873,
                    56.74762642052206,
                    102.3934913728232,
                    68.49353551969892,
                    17.68058368882975
                ],
                [
                    -402.55718747235665,
                    14.589168789494511,
                    -166.44675235984008,
                    136.95562297223424,
                    6.187217052611878,
                    -47.48628121434611,
                    -98.92801018854084,
                    -124.76779020822472,
                    57.53341371450219,
                    51.99333589872038,
                    70.39739732374599,
                    56.74762642052206,
                    63.745771782889,
                    -31.7217905603664,
                    -66.93179384424812,
                    151.81947887496125
                ],
                [
                    155.20029240919945,
                    90.19993619794349,
                    -147.26585737625024,
                    -2.9098066756710637,
                    19.123565232120775,
                    -42.535126883644686,
                    -19.857059708725366,
                    -70.8701889047239,
                    48.536846027362095,
                    13.220969738565742,
                    -115.64026560937432,
                    102.3934913728232,
                    -31.7217905603664,
                    -73.06901996147793,
                    79.7340786087805,
                    -74.53339834845058
                ],
                [
                    -69.42097464051346,
                    154.89546307131963,
                    -17.191217456985758,
                    -208.5630536661481,
                    -23.63763767303297,
                    -125.07234871916462,
                    774.3336158486497,
                    64.607212272671,
                    58.37525403038541,
                    19.604541752646966,
                    -47.77566557121719,
                    68.49353551969892,
                    -66.93179384424812,
                    79.7340786087805,
                    135.92670523628135,
                    -65.57802589236644
                ],
                [
                    111.39959403691007,
                    -28.59317856913648,
                    -113.09792539536963,
                    52.99908261330276,
                    -86.71523744413992,
                    -93.59459437210232,
                    -61.463697761400354,
                    -17.0849791908638,
                    -6.09977226890657,
                    104.19416058059852,
                    -69.60704138514458,
                    17.68058368882975,
                    151.81947887496125,
                    -74.53339834845058,
                    -65.57802589236644,
                    -4.647568431505699
                ]
            ],
            "b": [
                6.064099673521415,
                -53.1651227370716,
                12.768389022317535,
                9.451172651041219,
                -18.066695101789946,
                -30.608555178131624,
                -649.5179240561271,
                -6.155500854014008,
                -18.42158542231894,
                11.019019188944782,
                13.0216492475803,
                -6.4056621099335445,
                10.873130624602481,
                -27.28813874654199,
                -593.8720757393831,
                14.40984765917679
            ],
            "c": 126.05434604311361,
            "D": 16
        },
        "tff_raw_input_names": [
            "USD_IR_0.25Y",
            "USD_IR_0.50Y",
            "USD_IR_1.00Y",
            "USD_IR_2.00Y",
            "USD_IR_3.00Y",
            "USD_IR_5.00Y",
            "USD_IR_7.00Y",
            "USD_IR_10.00Y",
            "USD_FIN_AA_0.25Y",
            "USD_FIN_AA_0.50Y",
            "USD_FIN_AA_1.00Y",
            "USD_FIN_AA_2.00Y",
            "USD_FIN_AA_3.00Y",
            "USD_FIN_AA_5.00Y",
            "USD_FIN_AA_7.00Y",
            "USD_FIN_AA_10.00Y"
        ],
        "tff_normalization_params": {
            "means": null,
            "stds": null,
            "engineered_feature_names": [
                "USD_IR_0.25Y",
                "USD_IR_0.50Y",
                "USD_IR_1.00Y",
                "USD_IR_2.00Y",
                "USD_IR_3.00Y",
                "USD_IR_5.00Y",
                "USD_IR_7.00Y",
                "USD_IR_10.00Y",
                "USD_FIN_AA_0.25Y",
                "USD_FIN_AA_0.50Y",
                "USD_FIN_AA_1.00Y",
                "USD_FIN_AA_2.00Y",
                "USD_FIN_AA_3.00Y",
                "USD_FIN_AA_5.00Y",
                "USD_FIN_AA_7.00Y",
                "USD_FIN_AA_10.00Y"
            ],
            "is_engineered": false
        },
        "tff_option_feature_order": 0,
        "tff_rmse": 0.0023981915800023227,
        "tff_fit_time_seconds": 0.008182048797607422
    },
    "USD_IR_CALLABLE_5Y_G2": {
        "instrument_id": "USD_IR_CALLABLE_5Y_G2",
        "pricing_method": "TFF",
        "product_static_dict": {
            "product_type": "CallableBond",
            "valuation_date": "2025-05-18",
            "maturity_date": "2030-05-18",
            "coupon_rate": 0.032,
            "face_value": 100.0,
            "freq": 2,
            "settlement_days": 0,
            "currency": "USD",
            "index_stub": "IR",
            "credit_spread_curve_name": null,
            "calendar": "Federal Reserve Bankwire System",
            "day_count": "Actual/Actual (ISDA)",
            "call_dates": [
                "2027-05-18",
                "2028-05-18",
                "2029-05-18"
            ],
            "call_prices": [
                102.0,
                101.0,
                100.0
            ]
        },
        "pricer_params": {
            "g2_params": [
                0.01,
                0.003,
                0.015,
                0.006,
                -0.75
            ]
        },
        "tff_model_dict": {
            "A": [
                [
                    537.9975446887393,
                    -619.8149664862044,
                    910.496038497218,
                    66.91366081929729,
                    -75.36906419700804,
                    1.7078875282857453,
                    66.89733974525575,
                    147.48139028104515
                ],
                [
                    -619.8149664862044,
                    -165.90162613103774,
                    -256.73989122165517,
                    581.9889871780006,
                    83.71579883803304,
                    25.313500934081475,
                    177.3078733906475,
                    -175.92261332000726
                ],
                [
                    910.496038497218,
                    -256.73989122165517,
                    -83.22902803605734,
                    -167.75381725240965,
                    -169.2273876322093,
                    197.02692478337104,
                    -231.40485301976247,
                    173.61335823278387
                ],
                [
                    66.91366081929729,
                    581.9889871780006,
                    -167.75381725240965,
                    -324.2526150819458,
                    1005.713275140151,
                    674.5741093782361,
                    -0.3461224506987719,
                    -55.306747121390515
                ],
                [
                    -75.36906419700804,
                    83.71579883803304,
                    -169.2273876322093,
                    1005.713275140151,
                    -7315.919266124917,
                    9159.381773989186,
                    -209.23983741925008,
                    58.16376627084594
                ],
                [
                    1.7078875282857453,
                    25.313500934081475,
                    197.02692478337104,
                    674.5741093782361,
                    9159.381773989186,
                    -15902.522633837474,
                    20.194612334486465,
                    -815.5167711809972
                ],
                [
                    66.89733974525575,
                    177.3078733906475,
                    -231.40485301976247,
                    -0.3461224506987719,
                    -209.23983741925008,
                    20.194612334486465,
                    699.2609153430844,
                    -177.74741483456572
                ],
                [
                    147.48139028104515,
                    -175.92261332000726,
                    173.61335823278387,
                    -55.306747121390515,
                    58.16376627084594,
                    -815.5167711809972,
                    -177.74741483456572,
                    315.612181024803
                ]
            ],
            "b": [
                -70.76398723600066,
                28.774426837930378,
                -23.88828822039534,
                -127.98926672735433,
                -243.7594550567528,
                139.62115075072825,
                -22.705541616479877,
                33.367119835658514
            ],
            "c": 110.38477343842794,
            "D": 8
        },
        "tff_raw_input_names": [
            "USD_IR_0.25Y",
            "USD_IR_0.50Y",
            "USD_IR_1.00Y",
            "USD_IR_2.00Y",
            "USD_IR_3.00Y",
            "USD_IR_5.00Y",
            "USD_IR_7.00Y",
            "USD_IR_10.00Y"
        ],
        "tff_normalization_params": {
            "means": null,
            "stds": null,
            "engineered_feature_names": [
                "USD_IR_0.25Y",
                "USD_IR_0.50Y",
                "USD_IR_1.00Y",
                "USD_IR_2.00Y",
                "USD_IR_3.00Y",
                "USD_IR_5.00Y",
                "USD_IR_7.00Y",
                "USD_IR_10.00Y"
            ],
            "is_engineered": false
        },
        "tff_option_feature_order": 0,
        "tff_rmse": 0.01066236633400038,
        "tff_fit_time_seconds": 0.6336050033569336,
        "tff_fixed_pricer_params": {
            "g2_params": [
                0.01,
                0.003,
                0.015,
                0.006,
                -0.75
            ]
        }
    },
    "USD_IR_CALLABLE_SPREAD_6Y_G2": {
        "instrument_id": "USD_IR_CALLABLE_SPREAD_6Y_G2",
        "pricing_method": "TFF",
        "product_static_dict": {
            "product_type": "CallableBond",
            "valuation_date": "2025-05-18",
            "maturity_date": "2031-05-18",
            "coupon_rate": 0.042,
            "face_value": 100.0,
            "freq": 2,
            "settlement_days": 0,
            "currency": "USD",
            "index_stub": "IR",
            "credit_spread_curve_name": "USD_CORP_BBB",
            "calendar": "Federal Reserve Bankwire System",
            "day_count": "Actual/Actual (ISDA)",
            "call_dates": [
                "2027-05-18",
                "2028-05-18",
                "2029-05-18",
                "2030-05-18"
            ],
            "call_prices": [
                103.0,
                102.0,
                101.0,
                100.0
            ]
        },
        "pricer_params": {
            "g2_params": [
                0.01,
                0.003,
                0.015,
                0.006,
                -0.75
            ]
        },
        "tff_model_dict": {
            "A": [
                [
                    2914.0573192140077,
                    -368.28710652322235,
                    604.7348410098733,
                    -1196.5336407473592,
                    154.7124317547059,
                    -189.66937697839109,
                    -416.9490703029221,
                    -1226.0008641236934,
                    939.8104284443903,
                    1033.3765235949684,
                    -1127.5479233840788,
                    2299.656443763827,
                    898.1385791224938,
                    -184.47919853170822,
                    921.4057483528591,
                    177.74829143152368
                ],
                [
                    -368.28710652322235,
                    -767.4134407162927,
                    511.24847170668215,
                    -192.8836852961594,
                    359.69388138737054,
                    -1075.5867247442798,
                    -661.8973867767274,
                    -2046.2837532137394,
                    264.05231294462067,
                    -630.4779016279867,
                    -397.3774081647646,
                    568.2383220534996,
                    -405.95350770403354,
                    -1069.147602078705,
                    89.16567129268859,
                    1870.2692018180965
                ],
                [
                    604.7348410098733,
                    511.24847170668215,
                    887.9314242159658,
                    1184.1763685199862,
                    622.6822742860069,
                    -500.50768665392343,
                    -654.6848918891013,
                    -193.31507024674914,
                    2708.7634615631127,
                    658.4077588038289,
                    464.5288167047698,
                    1021.816351977536,
                    932.9190509256573,
                    487.7355396428466,
                    -1275.9660730777118,
                    -958.229033378667
                ],
                [
                    -1196.5336407473592,
                    -192.8836852961594,
                    1184.1763685199862,
                    2826.30180854909,
                    1759.7053447315743,
                    -371.96974551837627,
                    -122.07160763816256,
                    -135.6841313954149,
                    173.95854426747476,
                    212.29453957102663,
                    -3707.960635234263,
                    -1860.5022767127941,
                    1408.3947031268387,
                    11.384070174120723,
                    -790.5678685881503,
                    1325.9221442780904
                ],
                [
                    154.7124317547059,
                    359.69388138737054,
                    622.6822742860069,
                    1759.7053447315743,
                    -1421.587379859502,
                    -59.5594679652699,
                    733.5289414240381,
                    583.427108488856,
                    -303.2559485394474,
                    -1399.3072660153055,
                    2471.0606483437864,
                    597.0109582476526,
                    436.7466609506397,
                    -567.5014007209256,
                    443.48306602594863,
                    506.3427438
                ],
                [
                    -189.66937697839109,
                    -1075.5867247442798,
                    -500.50768665392343,
                    -371.96974551837627,
                    -59.5594679652699,
                    -3174.47558503571,
                    4757.238756600813,
                    909.7939012272836,
                    -292.2534732503944,
                    -50.31125590100419,
                    1995.240985491949,
                    -674.9905433243393,
                    -791.3371851773,
                    -3094.4623298031274,
                    4442.450383337595,
                    -404.7669632054209
                ],
                [
                    -416.9490703029221,
                    -661.8973867767274,
                    -654.6848918891013,
                    -122.07160763816256,
                    733.5289414240381,
                    4757.238756600813,
                    -5309.891637625136,
                    -1067.2506785452297,
                    -3156.2995207880776,
                    439.44810075867906,
                    858.2383777348854,
                    569.0298364204975,
                    1175.302697078983,
                    4325.286016960037,
                    -3803.200790759417,
                    2238.7648725045683
                ],
                [
                    -1226.0008641236934,
                    -2046.2837532137394,
                    -193.31507024674914,
                    -135.6841313954149,
                    583.427108488856,
                    909.7939012272836,
                    -1067.2506785452297,
                    -2151.0593066972438,
                    -1066.2267382089465,
                    173.77772377974438,
                    469.12912182870855,
                    3289.404960839959,
                    -90.77249462967734,
                    -1258.2003130135172,
                    1950.3521413776677,
                    286.2395730377095
                ],
                [
                    939.8104284443903,
                    264.05231294462067,
                    2708.7634615631127,
                    173.95854426747476,
                    -303.2559485394474,
                    -292.2534732503944,
                    -3156.2995207880776,
                    -1066.2267382089465,
                    7022.963884171414,
                    -302.8030692125314,
                    -1315.6833942836965,
                    1277.4325345955735,
                    -4344.658572585116,
                    1228.7622551294019,
                    -4427.607953718676,
                    -94.10788772342562
                ],
                [
                    1033.3765235949684,
                    -630.4779016279867,
                    658.4077588038289,
                    212.29453957102663,
                    -1399.3072660153055,
                    -50.31125590100419,
                    439.44810075867906,
                    173.77772377974438,
                    -302.8030692125314,
                    -5345.149163790208,
                    2884.072662252258,
                    630.8597010811785,
                    5161.096994897341,
                    72.05306274762292,
                    -1998.4017999001996,
                    329.2108627436047
                ],
                [
                    -1127.5479233840788,
                    -397.3774081647646,
                    464.5288167047698,
                    -3707.960635234263,
                    2471.0606483437864,
                    1995.240985491949,
                    858.2383777348854,
                    469.12912182870855,
                    -1315.6833942836965,
                    2884.072662252258,
                    -3072.130423057164,
                    1702.2184821649455,
                    3935.916712370893,
                    3756.09770207383,
                    1862.3913922747831,
                    2085.0934966756918
                ],
                [
                    2299.656443763827,
                    568.2383220534996,
                    1021.816351977536,
                    -1860.5022767127941,
                    597.0109582476526,
                    -674.9905433243393,
                    569.0298364204975,
                    3289.404960839959,
                    1277.4325345955735,
                    630.8597010811785,
                    1702.2184821649455,
                    1194.2245389917164,
                    72.31889237787121,
                    701.0413490755511,
                    -4916.537622294328,
                    -168.91351889848616
                ],
                [
                    898.1385791224938,
                    -405.95350770403354,
                    932.9190509256573,
                    1408.3947031268387,
                    436.7466609506397,
                    -791.3371851773,
                    1175.302697078983,
                    -90.77249462967734,
                    -4344.658572585116,
                    5161.096994897341,
                    3935.916712370893,
                    72.31889237787121,
                    -6725.058306314548,
                    -312.0241032402529,
                    232.2581989995,
                    3223.4126342739733
                ],
                [
                    -184.47919853170822,
                    -1069.147602078705,
                    487.7355396428466,
                    11.384070174120723,
                    -567.5014007209256,
                    -3094.4623298031274,
                    4325.286016960037,
                    -1258.2003130135172,
                    1228.7622551294019,
                    72.05306274762292,
                    3756.09770207383,
                    701.0413490755511,
                    -312.0241032402529,
                    -5661.034002756432,
                    2281.8712048761186,
                    -1056.8996083152113
                ],
                [
                    921.4057483528591,
                    89.16567129268859,
                    -1275.9660730777118,
                    -790.5678685881503,
                    443.48306602594863,
                    4442.450383337595,
                    -3803.200790759417,
                    1950.3521413776677,
                    -4427.607953718676,
                    -1998.4017999001996,
                    1862.3913922747831,
                    -4916.537622294328,
                    232.2581989995,
                    2281.8712048761186,
                    -6992.499092225975,
                    -2009.0459438411326
                ],
                [
                    177.74829143152368,
                    1870.2692018180965,
                    -958.229033378667,
                    1325.9221442780904,
                    506.3427438,
                    -404.7669632054209,
                    2238.7648725045683,
                    286.2395730377095,
                    -94.10788772342562,
                    329.2108627436047,
                    2085.0934966756918,
                    -168.91351889848616,
                    3223.4126342739733,
                    -1056.8996083152113,
                    -2009.0459438411326,
                    3894.9022049208324
                ]
            ],
            "b": [
                -140.751550127482,
                263.28552186977765,
                -221.1432038308438,
                -120.4768196638654,
                -222.26593782470763,
                -379.5218072304582,
                -137.64238678063737,
                144.0188055874512,
                171.55253645746473,
                -48.455322297268594,
                -537.7847505447326,
                -333.0418156270862,
                -225.04707022021717,
                -223.81610757440694,
                215.34346299707568,
                -487.8430191948439
            ],
            "c": 132.24570058699328,
            "D": 16
        },
        "tff_raw_input_names": [
            "USD_IR_0.25Y",
            "USD_IR_0.50Y",
            "USD_IR_1.00Y",
            "USD_IR_2.00Y",
            "USD_IR_3.00Y",
            "USD_IR_5.00Y",
            "USD_IR_7.00Y",
            "USD_IR_10.00Y",
            "USD_CORP_BBB_0.25Y",
            "USD_CORP_BBB_0.50Y",
            "USD_CORP_BBB_1.00Y",
            "USD_CORP_BBB_2.00Y",
            "USD_CORP_BBB_3.00Y",
            "USD_CORP_BBB_5.00Y",
            "USD_CORP_BBB_7.00Y",
            "USD_CORP_BBB_10.00Y"
        ],
        "tff_normalization_params": {
            "means": null,
            "stds": null,
            "engineered_feature_names": [
                "USD_IR_0.25Y",
                "USD_IR_0.50Y",
                "USD_IR_1.00Y",
                "USD_IR_2.00Y",
                "USD_IR_3.00Y",
                "USD_IR_5.00Y",
                "USD_IR_7.00Y",
                "USD_IR_10.00Y",
                "USD_CORP_BBB_0.25Y",
                "USD_CORP_BBB_0.50Y",
                "USD_CORP_BBB_1.00Y",
                "USD_CORP_BBB_2.00Y",
                "USD_CORP_BBB_3.00Y",
                "USD_CORP_BBB_5.00Y",
                "USD_CORP_BBB_7.00Y",
                "USD_CORP_BBB_10.00Y"
            ],
            "is_engineered": false
        },
        "tff_option_feature_order": 0,
        "tff_rmse": 0.019319296108496947,
        "tff_fit_time_seconds": 1.0841119289398193,
        "tff_fixed_pricer_params": {
            "g2_params": [
                0.01,
                0.003,
                0.015,
                0.006,
                -0.75
            ]
        }
    },
    "USD_DEMO_CONV_STOCK_CONV_BOND_5Y_S0_DYNAMIC": {
        "instrument_id": "USD_DEMO_CONV_STOCK_CONV_BOND_5Y_S0_DYNAMIC",
        "pricing_method": "TFF",
        "product_static_dict": {
            "product_type": "ConvertibleBond",
            "valuation_date": "2025-05-18",
            "maturity_date": "2029-11-18",
            "coupon_rate": 0.02,
            "face_value": 100.0,
            "freq": 2,
            "settlement_days": 0,
            "currency": "USD",
            "index_stub": "IR",
            "credit_spread_curve_name": null,
            "calendar": "Federal Reserve Bankwire System",
            "day_count": "Actual/Actual (ISDA)",
            "issue_date": "2024-11-18",
            "conversion_ratio": 20.0,
            "exercise_type": "EuropeanAtMaturity",
            "underlying_symbol": "DEMO_CONV_STOCK"
        },
        "pricer_params": {
            "s0_val": 100.0,
            "dividend_yield": 0.01,
            "equity_volatility": 0.25,
            "credit_spread": 0.015
        },
        "tff_model_dict": {
            "A": [
                [
                    0.0019043573234884133,
                    0.0014295714215179223,
                    0.002663896713807845,
                    -0.0015438457923688809,
                    -0.0014935707562324374,
                    0.00019503105202459126,
                    -0.0009031366852565587,
                    -0.0005689943247699641,
                    -6.116724285132324e-07
                ],
                [
                    0.0014295714215179223,
                    0.001369569714136487,
                    -0.0002898369144650366,
                    0.0031570055391478835,
                    0.0014356414255111138,
                    0.0009738347978727191,
                    0.0029620274437849314,
                    -0.0013974586289404733,
