{
    "USD_IR_VANILLA_5Y": {
        "instrument_id": "USD_IR_VANILLA_5Y",
        "pricing_method": "TFF",
        "product_static_dict": {
            "product_type": "VanillaBond",
            "valuation_date": "2025-05-18",
            "maturity_date": "2030-05-18",
            "coupon_rate": 0.03,
            "face_value": 100.0,
            "freq": 2,
            "settlement_days": 0,
            "currency": "USD",
            "index_stub": "IR",
            "credit_spread_curve_name": null,
            "calendar": "Federal Reserve Bankwire System",
            "day_count": "Actual/Actual (ISDA)"
        },
        "tff_model_dict": {
            "A": [
                [
                    -0.41445755549891317,
                    0.20793739989805715,
                    -0.2882050840450603,
                    -0.133650537830043,
                    0.02434386470041261,
                    0.04419635609611561,
                    0.018694397025718956,
                    -0.07949232666908301
                ],
                [
                    0.20793739989805715,
                    1.0965274321282692,
                    -0.06768012871995666,
                    -1.2070189872767259,
                    -0.2115462624551938,
                    -0.13432689196821768,
                    -0.08560227578988133,
                    -0.6574939866737672
                ],
                [
                    -0.2882050840450603,
                    -0.06768012871995666,
                    0.9454137888015595,
                    0.382297791860017,
                    0.2656604347873781,
                    -0.22128674574527452,
                    0.21974681184750905,
                    -0.5535185198237471
                ],
                [
                    -0.133650537830043,
                    -1.2070189872767259,
                    0.382297791860017,
                    2.798863292828571,
                    1.4390035741107692,
                    0.04702310377703611,
                    -0.49028174987035555,
                    1.4094651949752333
                ],
                [
                    0.02434386470041261,
                    -0.2115462624551938,
                    0.2656604347873781,
                    1.4390035741107692,
                    15.388463335987893,
                    6.607178051317753,
                    1.2494283906831356,
                    -0.4692660944606928
                ],
                [
                    0.04419635609611561,
                    -0.13432689196821768,
                    -0.22128674574527452,
                    0.04702310377703611,
                    6.607178051317753,
                    1096.317048786377,
                    1.3739317777698474,
                    -0.6407929762586626
                ],
                [
                    0.018694397025718956,
                    -0.08560227578988133,
                    0.21974681184750905,
                    -0.49028174987035555,
                    1.2494283906831356,
                    1.3739317777698474,
                    0.1372638156207131,
                    0.8287250949966847
                ],
                [
                    -0.07949232666908301,
                    -0.6574939866737672,
                    -0.5535185198237471,
                    1.4094651949752333,
                    -0.4692660944606928,
                    -0.6407929762586626,
                    0.8287250949966847,
                    -0.7846539797934895
                ]
            ],
            "b": [
                0.02520696544798895,
                -0.6675079716251275,
                -2.576547796585075,
                -5.937953374033427,
                -14.989625278019787,
                -510.94056929509173,
                -0.792140118669522,
                0.047640965634059285
            ],
            "c": 114.95061801380885,
            "D": 8
        },
        "tff_raw_input_names": [
            "USD_IR_0.25Y",
            "USD_IR_0.50Y",
            "USD_IR_1.00Y",
            "USD_IR_2.00Y",
            "USD_IR_3.00Y",
            "USD_IR_5.00Y",
            "USD_IR_7.00Y",
            "USD_IR_10.00Y"
        ],
        "tff_normalization_params": {
            "means": null,
            "stds": null,
            "engineered_feature_names": [
                "USD_IR_0.25Y",
                "USD_IR_0.50Y",
                "USD_IR_1.00Y",
                "USD_IR_2.00Y",
                "USD_IR_3.00Y",
                "USD_IR_5.00Y",
                "USD_IR_7.00Y",
                "USD_IR_10.00Y"
            ],
            "is_engineered": false
        },
        "tff_option_feature_order": 0,
        "tff_rmse": 5.2011564707444e-05,
        "tff_fit_time_seconds": 0.013027191162109375
    },
    "USD_IR_VANILLA_SPREAD_7Y": {
        "instrument_id": "USD_IR_VANILLA_SPREAD_7Y",
        "pricing_method": "TFF",
        "product_static_dict": {
            "product_type": "VanillaBond",
            "valuation_date": "2025-05-18",
            "maturity_date": "2032-05-18",
            "coupon_rate": 0.04,
            "face_value": 100.0,
            "freq": 2,
            "settlement_days": 0,
            "currency": "USD",
            "index_stub": "IR",
            "credit_spread_curve_name": "USD_FIN_AA",
            "calendar": "Federal Reserve Bankwire System",
            "day_count": "Actual/Actual (ISDA)"
        },
        "tff_model_dict": {
            "A": [
                [
                    -218.57857081529573,
                    -92.01720617598959,
                    -8.270766517724049,
                    -40.69741808093791,
                    -27.46779626504621,
                    148.69584037185763,
                    59.31668862816586,
                    71.58284430963563,
                    167.52275453704448,
                    -175.59365235802989,
                    68.39017406180375,
                    -54.08697159238253,
                    -359.65997820192354,
                    215.18926965299062,
                    -97.45367618803832,
                    124.28237754406597
                ],
                [
                    -92.01720617598959,
                    114.07753572579864,
                    61.7022424583715,
                    -9.28550795618736,
                    54.499217870816565,
                    52.242548638443225,
                    236.10275638122403,
                    207.1253757871603,
                    -77.18640277492754,
                    27.82119174318153,
                    180.82497854279538,
                    -72.2408598863855,
                    -37.70077817151535,
                    136.95926398569355,
                    95.88245005660818,
                    -12.290401561995337
                ],
                [
                    -8.270766517724049,
                    61.7022424583715,
                    -59.00479040872875,
                    14.19712525756421,
                    19.137661781861702,
                    -46.345259269660545,
                    -106.11578253517035,
                    57.63858469988613,
                    72.10844689252141,
                    26.32476885742968,
                    -119.48348568232292,
                    34.168299784567566,
                    -160.3135580048788,
                    -60.84318062243181,
                    65.49049957317804,
                    -145.6179811446806
                ],
                [
                    -40.69741808093791,
                    -9.28550795618736,
                    14.19712525756421,
                    -78.79796793527589,
                    -181.12984962560364,
                    101.27026492240896,
                    -103.1832704364042,
                    -133.87856505919976,
                    84.24402271276573,
                    42.41490685937195,
                    69.17752546701837,
                    36.86352853807666,
                    30.446415784205406,
                    -9.922566141686078,
                    -163.5086258894058,
                    22.09028672245669
                ],
                [
                    -27.46779626504621,
                    54.499217870816565,
                    19.137661781861702,
                    -181.12984962560364,
                    55.30804771878185,
                    13.279530735243,
                    -51.95189124934227,
                    131.76070750614957,
                    -104.50169298750056,
                    -32.314268401331205,
                    58.00374751621261,
                    -83.01003093703456,
                    -40.927128383035885,
                    113.04804726385059,
                    23.572883550232618,
                    -114.08442797835919
                ],
                [
                    148.69584037185763,
                    52.242548638443225,
                    -46.345259269660545,
                    101.27026492240896,
                    13.279530735243,
                    -116.55712304448258,
                    -54.02436644156924,
                    -5.852825157771576,
                    91.47135978265177,
                    67.25686278840729,
                    -2.696498251493768,
                    -7.187049932304912,
                    -36.8958274087896,
                    -25.34465053290024,
                    -138.03596946483492,
                    -95.46657808697944
                ],
                [
                    59.31668862816586,
                    236.10275638122403,
                    -106.11578253517035,
                    -103.1832704364042,
                    -51.95189124934227,
                    -54.02436644156924,
                    1757.2871820549528,
                    33.730754974719005,
                    -11.559982207803344,
                    -43.21175424749229,
                    -89.54287737947227,
                    -26.833470607899052,
                    -117.16194531120556,
                    -75.04759752286844,
                    616.147479205201,
                    -69.0768608628613
                ],
                [
                    71.58284430963563,
                    207.1253757871603,
                    57.63858469988613,
                    -133.87856505919976,
                    131.76070750614957,
                    -5.852825157771576,
                    33.730754974719005,
                    -194.6288336098522,
                    49.342617426224145,
                    -76.71115301399769,
                    -105.180622626022,
                    23.26738863519372,
                    -48.73606096220503,
                    -91.5703586025995,
                    -92.38412249525284,
                    -13.786810706041564
                ],
                [
                    167.52275453704448,
                    -77.18640277492754,
                    72.10844689252141,
                    84.24402271276573,
                    -104.50169298750056,
                    91.47135978265177,
                    -11.559982207803344,
                    49.342617426224145,
                    -4.259484727027513,
                    11.35985106643944,
                    -11.586846950978662,
                    43.59492382702809,
                    50.12743698018805,
                    22.377401007349132,
                    12.7758424033353,
                    -4.939640590138195
                ],
                [
                    -175.59365235802989,
                    27.82119174318153,
                    26.32476885742968,
                    42.41490685937195,
                    -32.314268401331205,
                    67.25686278840729,
                    -43.21175424749229,
                    -76.71115301399769,
                    11.35985106643944,
                    20.34454032923024,
                    -58.5692496833593,
                    -13.374913379423184,
                    30.078537124671747,
                    7.887379960619884,
                    -8.31873637628879,
                    73.50025456849953
                ],
                [
                    68.39017406180375,
                    180.82497854279538,
                    -119.48348568232292,
                    69.17752546701837,
                    58.00374751621261,
                    -2.696498251493768,
                    -89.54287737947227,
                    -105.180622626022,
                    -11.586846950978662,
                    -58.5692496833593,
                    -30.22201630993372,
                    -47.46466478088329,
                    31.590619997495857,
                    -61.88239415422171,
                    -26.429939024864552,
                    -25.440294505643344
                ],
                [
                    -54.08697159238253,
                    -72.2408598863855,
                    34.168299784567566,
                    36.86352853807666,
                    -83.01003093703456,
                    -7.187049932304912,
                    -26.833470607899052,
                    23.26738863519372,
                    43.59492382702809,
                    -13.374913379423184,
                    -47.46466478088329,
                    19.542170824763495,
                    35.223157828345805,
                    24.89617367585953,
                    9.048593287499125,
                    9.807098079431109
                ],
                [
                    -359.65997820192354,
                    -37.70077817151535,
                    -160.3135580048788,
                    30.446415784205406,
                    -40.927128383035885,
                    -36.8958274087896,
                    -117.16194531120556,
                    -48.73606096220503,
                    50.12743698018805,
                    30.078537124671747,
                    31.590619997495857,
                    35.223157828345805,
                    15.944566505632109,
                    -5.951773371399311,
                    -27.142417188273463,
                    108.13677636714223
                ],
                [
                    215.18926965299062,
                    136.95926398569355,
                    -60.84318062243181,
                    -9.922566141686078,
                    113.04804726385059,
                    -25.34465053290024,
                    -75.04759752286844,
                    -91.5703586025995,
                    22.377401007349132,
                    7.887379960619884,
                    -61.88239415422171,
                    24.89617367585953,
                    -5.951773371399311,
                    -18.98767311210589,
                    37.1824555906636,
                    -35.23591569136716
                ],
                [
                    -97.45367618803832,
                    95.88245005660818,
                    65.49049957317804,
                    -163.5086258894058,
                    23.572883550232618,
                    -138.03596946483492,
                    616.147479205201,
                    -92.38412249525284,
                    12.7758424033353,
                    -8.31873637628879,
                    -26.429939024864552,
                    9.048593287499125,
                    -27.142417188273463,
                    37.1824555906636,
                    14.253623447814974,
                    -28.81731097960127
                ],
                [
                    124.28237754406597,
                    -12.290401561995337,
                    -145.6179811446806,
                    22.09028672245669,
                    -114.08442797835919,
                    -95.46657808697944,
                    -69.0768608628613,
                    -13.786810706041564,
                    -4.939640590138195,
                    73.50025456849953,
                    -25.440294505643344,
                    9.807098079431109,
                    108.13677636714223,
                    -35.23591569136716,
                    -28.81731097960127,
                    -15.11792880752447
                ]
            ],
            "b": [
                0.6315677315081984,
                -43.51487840160041,
                5.039382708117401,
                16.02703567137,
                -17.600699191896112,
                -30.24602737367178,
                -667.9956803262558,
                0.4290837663032505,
                -12.064517386915611,
                6.326299384623866,
                0.6635397910293506,
                -3.4104215927809207,
                15.691531100819667,
                -36.68308127544013,
                -575.3574149879794,
                19.98871631712774
            ],
            "c": 126.12708516865447,
            "D": 16
        },
        "tff_raw_input_names": [
            "USD_IR_0.25Y",
            "USD_IR_0.50Y",
            "USD_IR_1.00Y",
            "USD_IR_2.00Y",
            "USD_IR_3.00Y",
            "USD_IR_5.00Y",
            "USD_IR_7.00Y",
            "USD_IR_10.00Y",
            "USD_FIN_AA_0.25Y",
            "USD_FIN_AA_0.50Y",
            "USD_FIN_AA_1.00Y",
            "USD_FIN_AA_2.00Y",
            "USD_FIN_AA_3.00Y",
            "USD_FIN_AA_5.00Y",
            "USD_FIN_AA_7.00Y",
            "USD_FIN_AA_10.00Y"
        ],
        "tff_normalization_params": {
            "means": null,
            "stds": null,
            "engineered_feature_names": [
                "USD_IR_0.25Y",
                "USD_IR_0.50Y",
                "USD_IR_1.00Y",
                "USD_IR_2.00Y",
                "USD_IR_3.00Y",
                "USD_IR_5.00Y",
                "USD_IR_7.00Y",
                "USD_IR_10.00Y",
                "USD_FIN_AA_0.25Y",
                "USD_FIN_AA_0.50Y",
                "USD_FIN_AA_1.00Y",
                "USD_FIN_AA_2.00Y",
                "USD_FIN_AA_3.00Y",
                "USD_FIN_AA_5.00Y",
                "USD_FIN_AA_7.00Y",
                "USD_FIN_AA_10.00Y"
            ],
            "is_engineered": false
        },
        "tff_option_feature_order": 0,
        "tff_rmse": 0.005938658470203309,
        "tff_fit_time_seconds": 0.00861978530883789
    },
    "USD_IR_CALLABLE_5Y_G2": {
        "instrument_id": "USD_IR_CALLABLE_5Y_G2",
        "pricing_method": "TFF",
        "product_static_dict": {
            "product_type": "CallableBond",
            "valuation_date": "2025-05-18",
            "maturity_date": "2030-05-18",
            "coupon_rate": 0.032,
            "face_value": 100.0,
            "freq": 2,
            "settlement_days": 0,
            "currency": "USD",
            "index_stub": "IR",
            "credit_spread_curve_name": null,
            "calendar": "Federal Reserve Bankwire System",
            "day_count": "Actual/Actual (ISDA)",
            "call_dates": [
                "2027-05-18",
                "2028-05-18",
                "2029-05-18"
            ],
            "call_prices": [
                102.0,
                101.0,
                100.0
            ]
        },
        "pricer_params": {
            "g2_params": [
                0.01,
                0.003,
                0.015,
                0.006,
                -0.75
            ],
            "g2_grid_steps": 16
        },
        "tff_model_dict": {
            "A": [
                [
                    -20.67086628060358,
                    66.47241621810323,
                    25.367435668248703,
                    45.64949874729817,
                    -4.9309279870363625,
                    46.24038508019281,
                    2.7972162082778596,
                    -28.298100301334216
                ],
                [
                    66.47241621810323,
                    20.464140617147862,
                    -11.294258981492305,
                    -8.962458006421002,
                    -6.335753917389951,
                    -33.65364863554498,
                    6.394049267494097,
                    -36.713465738459405
                ],
                [
                    25.367435668248703,
                    -11.294258981492305,
                    -32.04066941532483,
                    36.55413340495352,
                    118.08025331904346,
                    165.25030769933534,
                    -209.89702824293187,
                    47.71068003912211
                ],
                [
                    45.64949874729817,
                    -8.962458006421002,
                    36.55413340495352,
                    -479.6349430828111,
                    649.4237854371509,
                    793.3626820028337,
                    -0.8009184883047169,
                    -7.950213726990029
                ],
                [
                    -4.9309279870363625,
                    -6.335753917389951,
                    118.08025331904346,
                    649.4237854371509,
                    -5563.140905567203,
                    6983.605679652668,
                    -8.483202756833464,
                    12.257512940402194
                ],
                [
                    46.24038508019281,
                    -33.65364863554498,
                    165.25030769933534,
                    793.3626820028337,
                    6983.605679652668,
                    -13178.676616978355,
                    26.80434819918713,
                    15.834782462353417
                ],
                [
                    2.7972162082778596,
                    6.394049267494097,
                    -209.89702824293187,
                    -0.8009184883047169,
                    -8.483202756833464,
                    26.80434819918713,
                    -72.32723895961792,
                    -42.70514154534525
                ],
                [
                    -28.298100301334216,
                    -36.713465738459405,
                    47.71068003912211,
                    -7.950213726990029,
                    12.257512940402194,
                    15.834782462353417,
                    -42.70514154534525,
                    42.495618328613205
                ]
            ],
            "b": [
                -31.029395337114693,
                25.656588879512128,
                -23.445204271169587,
                -106.76283376115532,
                -212.4144900381682,
                60.297772514119,
                15.204451397141383,
                -0.9160817387399902
            ],
            "c": 110.36278992351885,
            "D": 8
        },
        "tff_raw_input_names": [
            "USD_IR_0.25Y",
            "USD_IR_0.50Y",
            "USD_IR_1.00Y",
            "USD_IR_2.00Y",
            "USD_IR_3.00Y",
            "USD_IR_5.00Y",
            "USD_IR_7.00Y",
            "USD_IR_10.00Y"
        ],
        "tff_normalization_params": {
            "means": null,
            "stds": null,
            "engineered_feature_names": [
                "USD_IR_0.25Y",
                "USD_IR_0.50Y",
                "USD_IR_1.00Y",
                "USD_IR_2.00Y",
                "USD_IR_3.00Y",
                "USD_IR_5.00Y",
                "USD_IR_7.00Y",
                "USD_IR_10.00Y"
            ],
            "is_engineered": false
        },
        "tff_option_feature_order": 0,
        "tff_rmse": 0.04361372778601031,
        "tff_fit_time_seconds": 2.9660909175872803,
        "tff_fixed_pricer_params": {
            "g2_params": [
                0.01,
                0.003,
                0.015,
                0.006,
                -0.75
            ]
        }
    },
    "USD_IR_CALLABLE_SPREAD_6Y_G2": {
        "instrument_id": "USD_IR_CALLABLE_SPREAD_6Y_G2",
        "pricing_method": "TFF",
        "product_static_dict": {
            "product_type": "CallableBond",
            "valuation_date": "2025-05-18",
            "maturity_date": "2031-05-18",
            "coupon_rate": 0.042,
            "face_value": 100.0,
            "freq": 2,
            "settlement_days": 0,
            "currency": "USD",
            "index_stub": "IR",
            "credit_spread_curve_name": "USD_CORP_BBB",
            "calendar": "Federal Reserve Bankwire System",
            "day_count": "Actual/Actual (ISDA)",
            "call_dates": [
                "2027-05-18",
                "2028-05-18",
                "2029-05-18",
                "2030-05-18"
            ],
            "call_prices": [
                103.0,
                102.0,
                101.0,
                100.0
            ]
        },
        "pricer_params": {
            "g2_params": [
                0.01,
                0.003,
                0.015,
                0.006,
                -0.75
            ]
        },
        "tff_model_dict": {
            "A": [
                [
                    -133.16588681073347,
                    -268.85411390551985,
                    -171.62231176960137,
                    -168.0468036617391,
                    -419.50589884266446,
                    7.678401462494425,
                    -214.81012977841522,
                    71.31302151971931,
                    12.327929646876331,
                    -5.2645740089890625,
                    1.4803870497602916,
                    8.335117023617274,
                    36.483778465926974,
                    -38.72492817852656,
                    -75.97017676329892,
                    57.06489422634354
                ],
                [
                    -268.85411390551985,
                    -4.294999273231576,
                    -0.4764089616220655,
                    -55.05281275116325,
                    -71.59235977830812,
                    4.837533155537085,
                    -51.10068489529178,
                    -31.286668174256114,
                    2.0525748805643547,
                    14.728165672901202,
                    16.072333808875495,
                    50.83113303050127,
                    105.5709207032093,
                    3.34166815368285,
                    -4.180693320137534,
                    23.484435780462597
                ],
                [
                    -171.62231176960137,
                    -0.4764089616220655,
                    7.241353252682189,
                    257.9833348811826,
                    -32.083907338900524,
                    -48.600422306666474,
                    43.18311695057256,
                    101.30320085689429,
                    23.243709191456542,
                    -23.0730230159173,
                    18.03288926980443,
                    37.11836019256107,
                    9.004468767934933,
                    -14.571892257917021,
                    -4.500606526833112,
                    -4.221221192095501
                ],
                [
                    -168.0468036617391,
                    -55.05281275116325,
                    257.9833348811826,
                    -23.55668714003258,
                    17.1707148452022,
                    84.15895698178244,
                    3.4560031188241394,
                    -31.369106707673687,
                    0.9113508693568662,
                    17.69323532633805,
                    -6.522299363402492,
                    27.584270246418527,
                    -11.900633032539897,
                    89.55610753866786,
                    2.678501776209651,
                    -48.31439404029306
                ],
                [
                    -419.50589884266446,
                    -71.59235977830812,
                    -32.083907338900524,
                    17.1707148452022,
                    39.69726345606155,
                    311.62121987842886,
                    129.67409930820824,
                    11.096174838703357,
                    -0.7275953716624787,
                    6.0292611688532425,
                    5.463801258917474,
                    91.31674159869944,
                    20.124124305561196,
                    3.6848084762367765,
                    -8.01772007074741,
                    46.938347940954955
                ],
                [
                    7.678401462494425,
                    4.837533155537085,
                    -48.600422306666474,
                    84.15895698178244,
                    311.62121987842886,
                    16.66284200415884,
                    -4.78132667155269,
                    32.961402147712924,
                    10.375143785033288,
                    -15.533418849282539,
                    3.7832671571907937,
                    -15.928264272820886,
                    -35.992029215626076,
                    -1.7521742284281294,
                    67.38802178031054,
                    -8.973981000468587
                ],
                [
                    -214.81012977841522,
                    -51.10068489529178,
                    43.18311695057256,
                    3.4560031188241394,
                    129.67409930820824,
                    -4.78132667155269,
                    -154.24415433491282,
                    35.45875355207603,
                    29.05635341516619,
                    1.5209435568415406,
                    -23.814139483028235,
                    26.09881985426516,
                    99.95810878730337,
                    12.891213784770487,
                    0.934075341513107,
                    18.554254662858497
                ],
                [
                    71.31302151971931,
                    -31.286668174256114,
                    101.30320085689429,
                    -31.369106707673687,
                    11.096174838703357,
                    32.961402147712924,
                    35.45875355207603,
                    13.801908508276846,
                    18.27642806658751,
                    39.28834456847366,
                    -9.679695070575338,
                    -33.533907348918724,
                    -94.51168858414506,
                    69.62529345766573,
                    28.316744722463156,
                    -17.94722981378785
                ],
                [
                    12.327929646876331,
                    2.0525748805643547,
                    23.243709191456542,
                    0.9113508693568662,
                    -0.7275953716624787,
                    10.375143785033288,
                    29.05635341516619,
                    18.27642806658751,
                    16.720768670394616,
                    20.11025575884964,
                    14.352620546066394,
                    4.803801000821158,
                    -2.6694898916888015,
                    29.103988223626324,
                    17.30326347268737,
                    8.283584497245048
                ],
                [
                    -5.2645740089890625,
                    14.728165672901202,
                    -23.0730230159173,
                    17.69323532633805,
                    6.0292611688532425,
                    -15.533418849282539,
                    1.5209435568415406,
                    39.28834456847366,
                    20.11025575884964,
                    -10.366896768700094,
                    12.730809407892275,
                    -11.021345055869713,
                    -12.810804370296324,
                    -2.5890683821658236,
                    1.0699687857982363,
                    -11.788331098034735
                ],
                [
                    1.4803870497602916,
                    16.072333808875495,
                    18.03288926980443,
                    -6.522299363402492,
                    5.463801258917474,
                    3.7832671571907937,
                    -23.814139483028235,
                    -9.679695070575338,
                    14.352620546066394,
                    12.730809407892275,
                    -1.2788836190623847,
                    -10.284447953896596,
                    -20.29736303965431,
                    22.757133467571997,
                    12.21476511611429,
                    -5.261676834888304
                ],
                [
                    8.335117023617274,
                    50.83113303050127,
                    37.11836019256107,
                    27.584270246418527,
                    91.31674159869944,
                    -15.928264272820886,
                    26.09881985426516,
                    -33.533907348918724,
                    4.803801000821158,
                    -11.021345055869713,
                    -10.284447953896596,
                    -17.28916349788708,
                    -21.616078290423157,
                    13.474274057250803,
                    15.41305072051123,
                    -20.47290787933113
                ],
                [
                    36.483778465926974,
                    105.5709207032093,
                    9.004468767934933,
                    -11.900633032539897,
                    20.124124305561196,
                    -35.992029215626076,
                    99.95810878730337,
                    -94.51168858414506,
                    -2.6694898916888015,
                    -12.810804370296324,
                    -20.29736303965431,
                    -21.616078290423157,
                    -7.5572344858539084,
                    7.300482764838808,
                    7.276963353997969,
                    -6.302063825267407
                ],
                [
                    -38.72492817852656,
                    3.34166815368285,
                    -14.571892257917021,
                    89.55610753866786,
                    3.6848084762367765,
                    -1.7521742284281294,
                    12.891213784770487,
                    69.62529345766573,
                    29.103988223626324,
                    -2.5890683821658236,
                    22.757133467571997,
                    13.474274057250803,
                    7.300482764838808,
                    4.407079973391206,
                    9.469197005771795,
                    7.535378970745495
                ],
                [
                    -75.97017676329892,
                    -4.180693320137534,
                    -4.500606526833112,
                    2.678501776209651,
                    -8.01772007074741,
                    67.38802178031054,
                    0.934075341513107,
                    28.316744722463156,
                    17.30326347268737,
                    1.0699687857982363,
                    12.21476511611429,
                    15.41305072051123,
                    7.276963353997969,
                    9.469197005771795,
                    10.614478978280678,
                    16.23235950920922
                ],
                [
                    57.06489422634354,
                    23.484435780462597,
                    -4.221221192095501,
                    -48.31439404029306,
                    46.938347940954955,
                    -8.973981000468587,
                    18.554254662858497,
                    -17.94722981378785,
                    8.283584497245048,
                    -11.788331098034735,
                    -5.261676834888304,
                    -20.47290787933113,
                    -6.302063825267407,
                    7.535378970745495,
                    16.23235950920922,
                    2.7925715779683524
                ]
            ],
            "b": [
                -181.41668221832305,
                -74.55489923690541,
                -183.4948397952062,
                -84.97874968977494,
                -47.292019087305114,
                -431.17794676519514,
                -54.09366947241757,
                -34.16486522753077,
                612.9023543743293,
                -502.0968600006398,
                -58.86654211317878,
                -448.2672689883986,
                -94.46820399655142,
                330.4778504363679,
                274.96152683546524,
                82.58369379224021
            ],
            "c": 121.06354389582322,
            "D": 16
        },
        "tff_raw_input_names": [
            "USD_IR_0.25Y",
            "USD_IR_0.50Y",
            "USD_IR_1.00Y",
            "USD_IR_2.00Y",
            "USD_IR_3.00Y",
            "USD_IR_5.00Y",
            "USD_IR_7.00Y",
            "USD_IR_10.00Y",
            "USD_CORP_BBB_0.25Y",
            "USD_CORP_BBB_0.50Y",
            "USD_CORP_BBB_1.00Y",
            "USD_CORP_BBB_2.00Y",
            "USD_CORP_BBB_3.00Y",
            "USD_CORP_BBB_5.00Y",
            "USD_CORP_BBB_7.00Y",
            "USD_CORP_BBB_10.00Y"
        ],
        "tff_normalization_params": {
            "means": null,
            "stds": null,
            "engineered_feature_names": [
                "USD_IR_0.25Y",
                "USD_IR_0.50Y",
                "USD_IR_1.00Y",
                "USD_IR_2.00Y",
                "USD_IR_3.00Y",
                "USD_IR_5.00Y",
                "USD_IR_7.00Y",
                "USD_IR_10.00Y",
                "USD_CORP_BBB_0.25Y",
                "USD_CORP_BBB_0.50Y",
                "USD_CORP_BBB_1.00Y",
                "USD_CORP_BBB_2.00Y",
                "USD_CORP_BBB_3.00Y",
                "USD_CORP_BBB_5.00Y",
                "USD_CORP_BBB_7.00Y",
                "USD_CORP_BBB_10.00Y"
            ],
            "is_engineered": false
        },
        "tff_option_feature_order": 0,
        "tff_rmse": 1.357313303684567,
        "tff_fit_time_seconds": 0.20483088493347168,
        "tff_fixed_pricer_params": {
            "g2_params": [
                0.01,
                0.003,
                0.015,
                0.006,
                -0.75
            ]
        }
    },
    "USD_DEMO_CONV_STOCK_CONV_BOND_5Y_S0_DYNAMIC": {
        "instrument_id": "USD_DEMO_CONV_STOCK_CONV_BOND_5Y_S0_DYNAMIC",
        "pricing_method": "TFF",
        "product_static_dict": {
            "product_type": "ConvertibleBond",
            "valuation_date": "2025-05-18",
            "maturity_date": "2029-11-18",
            "coupon_rate": 0.02,
            "face_value": 100.0,
            "freq": 2,
            "settlement_days": 0,
            "currency": "USD",
            "index_stub": "IR",
            "credit_spread_curve_name": null,
            "calendar": "Federal Reserve Bankwire System",
            "day_count": "Actual/Actual (ISDA)",
            "issue_date": "2024-11-18",
            "conversion_ratio": 20.0,
            "exercise_type": "EuropeanAtMaturity",
            "underlying_symbol": "DEMO_CONV_STOCK"
        },
        "pricer_params": {
            "s0_val": 100.0,
            "dividend_yield": 0.01,
            "equity_volatility": 0.25,
            "credit_spread": 0.015
        },
        "tff_model_dict": {
            "A": [
                [
                    0.0021593376671673486,
                    0.0011221463492129269,
                    0.004950505605540667,
                    -0.002638736389441787,
                    -0.002782949290451364,
                    -0.0001933726332814939,
                    -0.00036544094530086,
                    -0.0005755395856029688,
                    -2.3236996555403566e-06
                ],
                [
                    0.0011221463492129269,
                    -0.0006089597937398716,
                    -0.0013927665690325886,
                    0.002972504383191743,
                    0.0017388828669022555,
                    0.0019823205603829996,
                    0.006547319328350398,
                    -0.003178567248913855,
