{
    "USD_IR_VANILLA_INST_97": {
        "instrument_id": "USD_IR_VANILLA_INST_97",
        "pricing_method": "TFF",
        "product_static_dict": {
            "product_type": "VanillaBond",
            "valuation_date": "2025-05-18",
            "maturity_date": "2035-05-18",
            "coupon_rate": 0.03990505307324167,
            "face_value": 100.0,
            "freq": 2,
            "settlement_days": 0,
            "currency": "USD",
            "index_stub": "IR",
            "credit_spread_curve_name": null,
            "calendar": "TARGET",
            "day_count": "Actual/Actual (ISDA)"
        },
        "tff_model_dict": {
            "A": [
                [
                    1.0951624617164697,
                    -2.767838827141686,
                    0.35079454355670237,
                    -3.0628784824048125,
                    -2.4287513642521397,
                    -10.514942023125116,
                    -3.17789430169978,
                    -2.5968258971239493
                ],
                [
                    -2.767838827141686,
                    17.714013115312035,
                    -9.51803022374007,
                    0.3068086055413062,
                    -1.324273267456629,
                    0.6885010600180124,
                    -3.9611587445892695,
                    0.36355135149423745
                ],
                [
                    0.35079454355670237,
                    -9.51803022374007,
                    2.989910010242511,
                    1.9178285489062148,
                    -0.2207517935741654,
                    3.0038538092102556,
                    -0.06968921126886585,
                    5.401338298166671
                ],
                [
                    -3.0628784824048125,
                    0.3068086055413062,
                    1.9178285489062148,
                    10.06052162092135,
                    -3.41154651263858,
                    -2.653563254059648,
                    -0.4690375069364592,
                    1.4877918118778553
                ],
                [
                    -2.4287513642521397,
                    -1.324273267456629,
                    -0.2207517935741654,
                    -3.41154651263858,
                    21.129184060174254,
                    10.552654193875327,
                    -2.967351300616315,
                    -0.6175001966067413
                ],
                [
                    -10.514942023125116,
                    0.6885010600180124,
                    3.0038538092102556,
                    -2.653563254059648,
                    10.552654193875327,
                    59.841007719616016,
                    20.130007485605674,
                    2.392829488019977
                ],
                [
                    -3.17789430169978,
                    -3.9611587445892695,
                    -0.06968921126886585,
                    -0.4690375069364592,
                    -2.967351300616315,
                    20.130007485605674,
                    145.32812497308507,
                    46.005569174708455
                ],
                [
                    -2.5968258971239493,
                    0.36355135149423745,
                    5.401338298166671,
                    1.4877918118778553,
                    -0.6175001966067413,
                    2.392829488019977,
                    46.005569174708455,
                    3879.5140222291893
                ]
            ],
            "b": [
                1.1575002151111278,
                -1.005792351497007,
                -3.6974922514855564,
                -7.841872999955854,
                -19.366297845353415,
                -39.383348220681,
                -69.27854162049846,
                -1026.9942671232025
            ],
            "c": 139.47659830731132,
            "D": 8
        },
        "tff_raw_input_names": [
            "USD_IR_0.25Y",
            "USD_IR_0.50Y",
            "USD_IR_1.00Y",
            "USD_IR_2.00Y",
            "USD_IR_3.00Y",
            "USD_IR_5.00Y",
            "USD_IR_7.00Y",
            "USD_IR_10.00Y"
        ],
        "tff_normalization_params": {
            "means": null,
            "stds": null,
            "engineered_feature_names": [
                "USD_IR_0.25Y",
                "USD_IR_0.50Y",
                "USD_IR_1.00Y",
                "USD_IR_2.00Y",
                "USD_IR_3.00Y",
                "USD_IR_5.00Y",
                "USD_IR_7.00Y",
                "USD_IR_10.00Y"
            ],
            "is_engineered": false
        },
        "tff_option_feature_order": 0,
        "tff_rmse": 0.0002899336774139123,
        "tff_fit_time_seconds": 0.013816118240356445,
        "tff_base_value": 108.8620165105982,
        "tff_base_tff_value": 108.86175896751419
    },
    "USD_IR_CALLABLE_INST_98": {
        "instrument_id": "USD_IR_CALLABLE_INST_98",
        "pricing_method": "TFF",
        "product_static_dict": {
            "product_type": "CallableBond",
            "valuation_date": "2025-05-18",
            "maturity_date": "2028-05-18",
            "coupon_rate": 0.02482424154252496,
            "face_value": 100.0,
            "freq": 2,
            "settlement_days": 0,
            "currency": "USD",
            "index_stub": "IR",
            "credit_spread_curve_name": null,
            "calendar": "TARGET",
            "day_count": "Actual/Actual (ISDA)",
            "call_dates": [
                "2026-05-18",
                "2027-05-18"
            ],
            "call_prices": [
                102.0,
                101.0
            ]
        },
        "pricer_params": {
            "g2_params": [
                0.01,
                0.003,
                0.015,
                0.006,
                -0.75
            ],
            "g2_grid_steps": 8
        },
        "tff_model_dict": {
            "A": [
                [
                    1218.6203455874315,
                    974.0207698542235,
                    65.52665585812447,
                    -2.4816309608524136,
                    203.11668344682607,
                    -490.7170997729023,
                    -353.9329599152758,
                    -487.4194489164355
                ],
                [
                    974.0207698542235,
                    -3128.424374148587,
                    -139.02692873956119,
                    1118.8485888397463,
                    27.57100811978826,
                    -32.504229401190344,
                    -221.45415691616478,
                    554.5964271134527
                ],
                [
                    65.52665585812447,
                    -139.02692873956119,
                    -872.2348744215433,
                    -159.94523568445734,
                    1157.0002061911268,
                    340.61316459359637,
                    -58.04688161373758,
                    500.5323371970523
                ],
                [
                    -2.4816309608524136,
                    1118.8485888397463,
                    -159.94523568445734,
                    -437.52545933875126,
                    1189.2079832924405,
                    169.19062422740583,
                    342.18343350252627,
                    -674.0943760419937
                ],
                [
                    203.11668344682607,
                    27.57100811978826,
                    1157.0002061911268,
                    1189.2079832924405,
                    -4452.453528606142,
                    47.483888241130614,
                    -511.63788115112845,
                    -796.8591166182152
                ],
                [
                    -490.7170997729023,
                    -32.504229401190344,
                    340.61316459359637,
                    169.19062422740583,
                    47.483888241130614,
                    1265.2076550071188,
                    1139.9303680680955,
                    432.6275824161652
                ],
                [
                    -353.9329599152758,
                    -221.45415691616478,
                    -58.04688161373758,
                    342.18343350252627,
                    -511.63788115112845,
                    1139.9303680680955,
                    488.61242019206315,
                    -51.86271087497278
                ],
                [
                    -487.4194489164355,
                    554.5964271134527,
                    500.5323371970523,
                    -674.0943760419937,
                    -796.8591166182152,
                    432.6275824161652,
                    -51.86271087497278,
                    599.082572192896
                ]
            ],
            "b": [
                -77.86596712760934,
                73.24684931269394,
                -85.9837623076669,
                -142.13463070413263,
                10.980837155584481,
                -149.6182270309311,
                -43.80460851181158,
                -10.499204075940838
            ],
            "c": 108.57814931975088,
            "D": 8
        },
        "tff_raw_input_names": [
            "USD_IR_0.25Y",
            "USD_IR_0.50Y",
            "USD_IR_1.00Y",
            "USD_IR_2.00Y",
            "USD_IR_3.00Y",
            "USD_IR_5.00Y",
            "USD_IR_7.00Y",
            "USD_IR_10.00Y"
        ],
        "tff_normalization_params": {
            "means": null,
            "stds": null,
            "engineered_feature_names": [
                "USD_IR_0.25Y",
                "USD_IR_0.50Y",
                "USD_IR_1.00Y",
                "USD_IR_2.00Y",
                "USD_IR_3.00Y",
                "USD_IR_5.00Y",
                "USD_IR_7.00Y",
                "USD_IR_10.00Y"
            ],
            "is_engineered": false
        },
        "tff_option_feature_order": 0,
        "tff_rmse": 0.04388742234914658,
        "tff_fit_time_seconds": 0.010715961456298828,
        "tff_base_value": 100.61094054548477,
        "tff_base_tff_value": 100.6205316286361,
        "tff_fixed_pricer_params": {
            "g2_params": [
                0.01,
                0.003,
                0.015,
                0.006,
                -0.75
            ]
        }
    },
    "USD_STOCK_8_EURO_CALL_1Y_K98_INST_99": {
        "instrument_id": "USD_STOCK_8_EURO_CALL_1Y_K98_INST_99",
        "pricing_method": "TFF",
        "product_static_dict": {
            "product_type": "EuropeanOption",
            "valuation_date": "2025-05-18",
            "expiry_date": "2026-05-18",
            "strike_price": 98.96848285972494,
            "option_type": "call",
            "day_count_convention": "Actual/365 (Fixed)",
            "currency": "USD",
            "underlying_symbol": "STOCK_8"
        },
        "pricer_params": {
            "bs_risk_free_rate": 0.025,
            "bs_dividend_yield": 0.01
        },
        "tff_model_dict": {
            "A": [
                [
                    0.1883124807095358,
                    0.27984395874472295,
                    0.010455452837625105,
                    -0.1312264504204661,
                    -0.4271963098969646
                ],
                [
                    0.27984395874472295,
                    0.04912584676313043,
                    -0.10591906438254776,
                    0.04763020377755927,
                    -0.06739955562580675
                ],
                [
                    0.010455452837625105,
                    -0.10591906438254776,
                    -0.08513789324146509,
                    0.170323114870545,
                    0.2046168205218187
                ],
                [
                    -0.1312264504204661,
                    0.04763020377755927,
                    0.170323114870545,
                    0.007506809405687089,
                    -0.05884129643923838
                ],
                [
                    -0.4271963098969646,
                    -0.06739955562580675,
                    0.2046168205218187,
                    -0.05884129643923838,
                    0.10629594124538627
                ]
            ],
            "b": [
                0.6332553058978796,
                0.3551643019476236,
                0.5168125172993691,
                -0.13380292954187903,
                0.4987344972035374
            ],
            "c": 12.311531194556727,
            "D": 5
        },
        "tff_raw_input_names": [
            "USD_STOCK_8_S0",
            "USD_STOCK_8_VOL"
        ],
        "tff_normalization_params": {
            "means": [
                103.35252451946931,
                0.2305164312937631,
                10685.6864770116,
                0.05347578730507967,
                23.824453791362014
            ],
            "stds": [
                1.9854854479686566,
                0.018383748493370097,
                410.40540268415765,
                0.008475376638838288,
                1.9547036561425288
            ],
            "engineered_feature_names": [
                "S0_eng",
                "Vol_eng",
                "S0^2_eng",
                "Vol^2_eng",
                "S0*Vol_eng"
            ],
            "is_engineered": true
        },
        "tff_option_feature_order": 2,
        "tff_rmse": 1.8180012594181577e-06,
        "tff_fit_time_seconds": 0.009044885635375977,
        "tff_base_value": 12.272050323494248,
        "tff_base_tff_value": 12.272052243375507
    },
    "USD_STOCK_9_CONV_S0_DYN_INST_100": {
        "instrument_id": "USD_STOCK_9_CONV_S0_DYN_INST_100",
        "pricing_method": "TFF",
        "product_static_dict": {
            "product_type": "ConvertibleBond",
            "valuation_date": "2025-05-18",
            "maturity_date": "2035-05-18",
            "coupon_rate": 0.025277757580320363,
            "face_value": 1.0,
            "freq": 2,
            "settlement_days": 0,
            "currency": "USD",
            "index_stub": "IR",
            "credit_spread_curve_name": null,
            "calendar": "TARGET",
            "day_count": "Actual/Actual (ISDA)",
            "issue_date": "2024-11-18",
            "conversion_ratio": 1.0,
            "exercise_type": "EuropeanAtMaturity",
            "underlying_symbol": "STOCK_9"
        },
        "pricer_params": {
            "dividend_yield": 0.01,
            "equity_volatility": 0.25,
            "credit_spread": 0.015,
            "s0_val": 100.0
        },
        "tff_model_dict": {
            "A": [
                [
                    -0.915700689245738,
                    0.1266553612042728,
                    0.051363014230947995,
                    0.11941651714372448,
                    0.279644824944231,
                    -0.24707464456382155,
                    0.43172403449978775,
                    -0.16326783768695768,
                    3.710344262386478e-05,
                    2.6837723709247987,
                    0.02610157611099595,
                    0.04603804146277754
                ],
                [
                    0.1266553612042728,
                    0.5069301617024013,
                    0.25058716802092285,
                    -0.19745649395600573,
                    0.08582285100941434,
                    -0.06842199623898892,
                    -0.006935246605450196,
                    -0.30984643095531905,
                    -9.245953928127548e-05,
                    6.082769181727727,
                    -0.028736224764553953,
                    1.3788860053868994
                ],
                [
                    0.051363014230947995,
                    0.25058716802092285,
                    0.6285853874862681,
                    0.1755322396692165,
                    0.09310011831059217,
                    -0.012329403490474178,
                    0.03658773541353266,
                    -0.08530766783684385,
                    0.0005755534158105036,
                    0.8183389068670717,
                    0.006142088119563738,
                    2.6926972057983045
                ],
                [
                    0.11941651714372448,
                    -0.19745649395600573,
                    0.1755322396692165,
                    0.05558691930534554,
                    0.1486117061782526,
                    -0.0890555712660901,
                    0.37794558633067243,
                    -0.022690933766323695,
                    0.0002776908049249016,
                    -4.257001605091503,
                    0.0009553245182054582,
                    -0.42579767507197364
                ],
                [
                    0.279644824944231,
                    0.08582285100941434,
                    0.09310011831059217,
                    0.1486117061782526,
                    0.45241837627627746,
                    0.15145308429358906,
                    -0.1569932635901612,
                    0.22502331121370922,
                    0.00013946876119685925,
                    0.9896698652719076,
                    0.005476850187942972,
                    -0.9475196418480527
                ],
                [
                    -0.24707464456382155,
                    -0.06842199623898892,
                    -0.012329403490474178,
                    -0.0890555712660901,
                    0.15145308429358906,
                    -0.11005282671952976,
                    0.10335870393170765,
                    0.039133011057792544,
                    7.867280576068225e-05,
                    -2.117159941807177,
                    -0.007709662363538428,
                    1.22163691978432
                ],
                [
                    0.43172403449978775,
                    -0.006935246605450196,
                    0.03658773541353266,
                    0.37794558633067243,
                    -0.1569932635901612,
                    0.10335870393170765,
                    0.11383912603197643,
                    -0.406185332594017,
                    0.0017854319213945757,
                    -0.01440320124787231,
                    -0.02041677935032382,
                    -1.5364924679398488
                ],
                [
                    -0.16326783768695768,
                    -0.30984643095531905,
                    -0.08530766783684385,
                    -0.022690933766323695,
                    0.22502331121370922,
                    0.039133011057792544,
                    -0.406185332594017,
                    317.1101936336082,
                    0.008637211496490771,
                    23.61518388334677,
                    2.069500810439237,
                    0.961052034102412
                ],
                [
                    3.710344262386478e-05,
                    -9.245953928127548e-05,
                    0.0005755534158105036,
                    0.0002776908049249016,
                    0.00013946876119685925,
                    7.867280576068225e-05,
                    0.0017854319213945757,
                    0.008637211496490771,
                    1.1478649604157454e-06,
                    -4.126314694805572,
                    -0.0001658025872401936,
                    0.0033347226277036235
                ],
                [
                    2.6837723709247987,
                    6.082769181727727,
                    0.8183389068670717,
                    -4.257001605091503,
                    0.9896698652719076,
                    -2.117159941807177,
                    -0.01440320124787231,
                    23.61518388334677,
                    -4.126314694805572,
                    3777.036003669672,
                    -1.2840537927766436,
                    8.294737558011613
                ],
                [
                    0.02610157611099595,
                    -0.028736224764553953,
                    0.006142088119563738,
                    0.0009553245182054582,
                    0.005476850187942972,
                    -0.007709662363538428,
                    -0.02041677935032382,
                    2.069500810439237,
                    -0.0001658025872401936,
                    -1.2840537927766436,
                    -0.5216757138486763,
                    -0.5015586587439955
                ],
                [
                    0.04603804146277754,
                    1.3788860053868994,
                    2.6926972057983045,
                    -0.42579767507197364,
                    -0.9475196418480527,
                    1.22163691978432,
                    -1.5364924679398488,
                    0.961052034102412,
                    0.0033347226277036235,
                    8.294737558011613,
                    -0.5015586587439955,
                    12.508138236186369
                ]
            ],
            "b": [
                -0.11251285612123851,
                -0.24718800959661635,
                -0.2542246319376158,
                0.09446374560068449,
                -0.10129555642959787,
                0.04630176212355863,
                -0.11811899172414186,
                -119.9075038529781,
                0.9831727538085113,
                -146.1542648693544,
                0.14001390680352088,
                -1.1975047977512965
            ],
            "c": 25.46266591139007,
            "D": 12
        },
        "tff_raw_input_names": [
            "USD_IR_0.25Y",
            "USD_IR_0.50Y",
            "USD_IR_1.00Y",
            "USD_IR_2.00Y",
            "USD_IR_3.00Y",
            "USD_IR_5.00Y",
            "USD_IR_7.00Y",
            "USD_IR_10.00Y",
            "USD_STOCK_9_S0",
            "USD_STOCK_9_DIVYIELD",
            "USD_STOCK_9_EQVOL",
            "USD_STOCK_9_CS"
        ],
        "tff_normalization_params": {
            "means": null,
            "stds": null,
            "engineered_feature_names": [
                "USD_IR_0.25Y",
                "USD_IR_0.50Y",
                "USD_IR_1.00Y",
                "USD_IR_2.00Y",
                "USD_IR_3.00Y",
                "USD_IR_5.00Y",
                "USD_IR_7.00Y",
                "USD_IR_10.00Y",
                "USD_STOCK_9_S0",
                "USD_STOCK_9_DIVYIELD",
                "USD_STOCK_9_EQVOL",
                "USD_STOCK_9_CS"
            ],
            "is_engineered": false
        },
        "tff_option_feature_order": 0,
        "tff_rmse": 2.8308429086698055e-05,
        "tff_fit_time_seconds": 0.029089689254760742,
        "tff_base_value": 97.1569235654842,
        "tff_base_tff_value": 97.15691711249116
    },
    "USD_IR_VANILLA_INST_65": {
        "instrument_id": "USD_IR_VANILLA_INST_65",
        "pricing_method": "TFF",
        "product_static_dict": {
            "product_type": "VanillaBond",
            "valuation_date": "2025-05-18",
            "maturity_date": "2027-05-18",
            "coupon_rate": 0.024442607898601997,
            "face_value": 100.0,
            "freq": 2,
            "settlement_days": 0,
            "currency": "USD",
            "index_stub": "IR",
            "credit_spread_curve_name": null,
            "calendar": "TARGET",
            "day_count": "Actual/Actual (ISDA)"
        },
        "tff_model_dict": {
            "A": [
                [
                    -0.07260516873495249,
                    -0.07637652773414771,
                    -0.014501736346733907,
                    0.007059227902329823,
                    -0.011046573956919659,
                    -0.24768880393466475,
                    0.15732043897470938,
                    -0.11441419850171997
                ],
                [
                    -0.07637652773414771,
                    0.5477764559412677,
                    0.011859152495000913,
                    -0.18519927744070763,
                    -0.056269590023332094,
                    0.08880844210985295,
                    -0.23219203924310694,
                    0.02756875379074586
                ],
                [
                    -0.014501736346733907,
                    0.011859152495000913,
                    0.8510239634052237,
                    0.313717538607716,
                    0.035149780718121804,
                    0.09472975867236677,
                    -0.0026265614204857846,
                    -0.020654291917614476
                ],
                [
                    0.007059227902329823,
                    -0.18519927744070763,
                    0.313717538607716,
                    193.92126906363706,
                    -0.09794551617301561,
                    -0.00284373274461025,
                    -0.04818721667761494,
                    0.16579515620142526
                ],
                [
                    -0.011046573956919659,
                    -0.056269590023332094,
                    0.035149780718121804,
                    -0.09794551617301561,
                    0.006814838689026104,
                    -0.014203668837836858,
                    0.1044162035397771,
                    0.20985165899570735
                ],
                [
                    -0.24768880393466475,
                    0.08880844210985295,
                    0.09472975867236677,
                    -0.00284373274461025,
                    -0.014203668837836858,
                    -0.023700667573199552,
                    -0.04408905122710305,
                    -0.05127307767143208
                ],
                [
                    0.15732043897470938,
                    -0.23219203924310694,
                    -0.0026265614204857846,
                    -0.04818721667761494,
                    0.1044162035397771,
                    -0.04408905122710305,
                    -0.006269381937456853,
                    0.05105764313940675
                ],
                [
                    -0.11441419850171997,
                    0.02756875379074586,
                    -0.020654291917614476,
                    0.16579515620142526,
                    0.20985165899570735,
                    -0.05127307767143208,
                    0.05105764313940675,
                    0.131937561714075
                ]
            ],
            "b": [
                0.017268597433165667,
                -0.6072765801938793,
                -2.1383852839376907,
                -203.16090203217001,
                -0.01218455791625317,
                0.009930997169147915,
                9.93108616604843e-05,
                -0.021697583343950555
            ],
            "c": 104.88056004289696,
            "D": 8
        },
        "tff_raw_input_names": [
            "USD_IR_0.25Y",
            "USD_IR_0.50Y",
            "USD_IR_1.00Y",
            "USD_IR_2.00Y",
            "USD_IR_3.00Y",
            "USD_IR_5.00Y",
            "USD_IR_7.00Y",
            "USD_IR_10.00Y"
        ],
        "tff_normalization_params": {
            "means": null,
            "stds": null,
            "engineered_feature_names": [
                "USD_IR_0.25Y",
                "USD_IR_0.50Y",
                "USD_IR_1.00Y",
                "USD_IR_2.00Y",
                "USD_IR_3.00Y",
                "USD_IR_5.00Y",
                "USD_IR_7.00Y",
                "USD_IR_10.00Y"
            ],
            "is_engineered": false
        },
        "tff_option_feature_order": 0,
        "tff_rmse": 5.9639512627607444e-06,
        "tff_fit_time_seconds": 0.013349056243896484,
        "tff_base_value": 100.44803781921742,
        "tff_base_tff_value": 100.44803436562603
    },
    "USD_IR_CALLABLE_INST_66": {
        "instrument_id": "USD_IR_CALLABLE_INST_66",
        "pricing_method": "TFF",
        "product_static_dict": {
            "product_type": "CallableBond",
            "valuation_date": "2025-05-18",
            "maturity_date": "2034-05-18",
            "coupon_rate": 0.021106608420635983,
            "face_value": 100.0,
            "freq": 2,
            "settlement_days": 0,
            "currency": "USD",
            "index_stub": "IR",
            "credit_spread_curve_name": null,
            "calendar": "TARGET",
            "day_count": "Actual/Actual (ISDA)",
            "call_dates": [
                "2029-05-18",
                "2030-05-18",
                "2031-05-18",
                "2032-05-18",
                "2033-05-18"
            ],
            "call_prices": [
                105.0,
                104.0,
                103.0,
                102.0,
                101.0
            ]
        },
        "pricer_params": {
            "g2_params": [
                0.01,
                0.003,
                0.015,
                0.006,
                -0.75
            ],
            "g2_grid_steps": 8
        },
        "tff_model_dict": {
            "A": [
                [
                    -247.9602247232349,
                    -470.0028868870402,
                    108.54164746752397,
                    140.8919139105824,
                    194.55732652501635,
                    -213.7926458672331,
                    14.694723657284243,
                    -118.82374225211265
                ],
                [
                    -470.0028868870402,
                    -1520.1215124535015,
                    184.15021346608654,
                    164.88847805780236,
                    34.49287906283669,
                    -251.33814051172345,
                    -767.6530222251049,
                    1494.8554367294437
                ],
                [
                    108.54164746752397,
                    184.15021346608654,
                    -194.2821265760433,
                    -108.83162294763184,
                    118.26260920452845,
                    -258.4990566639373,
                    -205.0334937603628,
                    -42.046871590520055
                ],
                [
                    140.8919139105824,
                    164.88847805780236,
                    -108.83162294763184,
                    231.60386545996732,
                    -177.1142859402653,
                    53.773042241709966,
                    221.78001212035326,
                    -130.21437822792956
                ],
                [
                    194.55732652501635,
                    34.49287906283669,
                    118.26260920452845,
                    -177.1142859402653,
                    75.90503298576732,
                    -138.2882920943899,
                    273.53612916136177,
                    256.15995510306425
                ],
                [
                    -213.7926458672331,
                    -251.33814051172345,
                    -258.4990566639373,
                    53.773042241709966,
                    -138.2882920943899,
                    231.77967774473876,
                    -23.756655113373398,
                    427.99518128248167
                ],
                [
                    14.694723657284243,
                    -767.6530222251049,
                    -205.0334937603628,
                    221.78001212035326,
                    273.53612916136177,
                    -23.756655113373398,
                    -1501.9880689949287,
                    2694.242424080781
                ],
                [
                    -118.82374225211265,
                    1494.8554367294437,
                    -42.046871590520055,
                    -130.21437822792956,
                    256.15995510306425,
                    427.99518128248167,
                    2694.242424080781,
                    -4329.763795584478
                ]
            ],
            "b": [
                -20.521156979861246,
                72.19033369073563,
                -3.8610636413478403,
                -87.96512951491158,
                2.066908779760695,
                -18.65232756514115,
                -324.89536348697175,
                -388.4998721893318
            ],
            "c": 115.88429421522909,
            "D": 8
        },
        "tff_raw_input_names": [
            "USD_IR_0.25Y",
            "USD_IR_0.50Y",
            "USD_IR_1.00Y",
            "USD_IR_2.00Y",
            "USD_IR_3.00Y",
            "USD_IR_5.00Y",
            "USD_IR_7.00Y",
            "USD_IR_10.00Y"
        ],
        "tff_normalization_params": {
            "means": null,
            "stds": null,
            "engineered_feature_names": [
                "USD_IR_0.25Y",
                "USD_IR_0.50Y",
                "USD_IR_1.00Y",
                "USD_IR_2.00Y",
                "USD_IR_3.00Y",
                "USD_IR_5.00Y",
                "USD_IR_7.00Y",
                "USD_IR_10.00Y"
            ],
            "is_engineered": false
        },
        "tff_option_feature_order": 0,
        "tff_rmse": 0.055670594118036855,
        "tff_fit_time_seconds": 0.07485294342041016,
        "tff_base_value": 94.20973063795125,
        "tff_base_tff_value": 94.23780240166312,
        "tff_fixed_pricer_params": {
            "g2_params": [
                0.01,
                0.003,
                0.015,
                0.006,
                -0.75
            ]
        }
    },
    "USD_STOCK_6_EURO_CALL_1Y_K98_INST_67": {
        "instrument_id": "USD_STOCK_6_EURO_CALL_1Y_K98_INST_67",
        "pricing_method": "TFF",
        "product_static_dict": {
            "product_type": "EuropeanOption",
            "valuation_date": "2025-05-18",
            "expiry_date": "2026-05-18",
            "strike_price": 98.22074026636463,
            "option_type": "call",
            "day_count_convention": "Actual/365 (Fixed)",
            "currency": "USD",
            "underlying_symbol": "STOCK_6"
        },
        "pricer_params": {
            "bs_risk_free_rate": 0.025,
            "bs_dividend_yield": 0.01
        },
        "tff_model_dict": {
            "A": [
                [
                    0.2748363541710169,
                    0.31235339691825403,
                    -0.04502712749915535,
                    -0.0727323618717966,
                    -0.5489238426294525
                ],
                [
                    0.31235339691825403,
                    0.04866972663417377,
                    -0.15990136113997228,
                    0.06756673141373991,
                    -0.039741630972855366
                ],
                [
                    -0.04502712749915535,
                    -0.15990136113997228,
                    -0.06147025285944012,
                    0.1427696957003817,
                    0.32011434884960543
                ],
                [
                    -0.0727323618717966,
                    0.06756673141373991,
                    0.1427696957003817,
                    0.017215316050463864,
                    -0.09184513658901863
                ],
                [
                    -0.5489238426294525,
                    -0.039741630972855366,
                    0.32011434884960543,
                    -0.09184513658901863,
                    0.07274871697534249
                ]
            ],
            "b": [
                0.7129072958593479,
                0.3788738546336037,
                0.5826555525280858,
                -0.2085177607572453,
                0.532229824654877
            ],
            "c": 13.7056339293731,
            "D": 5
        },
        "tff_raw_input_names": [
            "USD_STOCK_6_S0",
            "USD_STOCK_6_VOL"
        ],
        "tff_normalization_params": {
            "means": [
                105.57036771711857,
                0.2172091186791254,
                11149.296770592438,
                0.047528893069785805,
                22.93084858389159
            ],
            "stds": [
                2.0479820958216726,
                0.01868399936907064,
                432.396333207932,
                0.008116050045302263,
                2.022385167333013
            ],
            "engineered_feature_names": [
                "S0_eng",
                "Vol_eng",
                "S0^2_eng",
                "Vol^2_eng",
                "S0*Vol_eng"
            ],
            "is_engineered": true
        },
        "tff_option_feature_order": 2,
        "tff_rmse": 6.215000209074917e-06,
        "tff_fit_time_seconds": 0.008760213851928711,
        "tff_base_value": 13.90175664980147,
        "tff_base_tff_value": 13.901760342376294
    },
    "USD_STOCK_7_CONV_S0_DYN_INST_68": {
        "instrument_id": "USD_STOCK_7_CONV_S0_DYN_INST_68",
        "pricing_method": "TFF",
        "product_static_dict": {
            "product_type": "ConvertibleBond",
            "valuation_date": "2025-05-18",
            "maturity_date": "2033-05-18",
            "coupon_rate": 0.028359393927098343,
            "face_value": 1.0,
            "freq": 2,
            "settlement_days": 0,
            "currency": "USD",
            "index_stub": "IR",
            "credit_spread_curve_name": null,
            "calendar": "TARGET",
            "day_count": "Actual/Actual (ISDA)",
            "issue_date": "2024-11-18",
            "conversion_ratio": 1.0,
            "exercise_type": "EuropeanAtMaturity",
            "underlying_symbol": "STOCK_7"
        },
        "pricer_params": {
            "dividend_yield": 0.01,
            "equity_volatility": 0.25,
            "credit_spread": 0.015,
            "s0_val": 100.0
        },
        "tff_model_dict": {
            "A": [
                [
                    -1.1757209579488892,
                    0.21571449941004717,
                    0.2428406071254708,
                    -0.3026593648866632,
                    -0.48032803093749,
                    -0.018803481202744554,
                    -0.5243906582487609,
                    0.046226462834127235,
                    -0.00014588680204641324,
                    2.5798534789603056,
                    0.13835891743762174,
                    2.720248141668919
                ],
                [
                    0.21571449941004717,
                    1.1892063724178088,
                    0.22139889795149426,
                    -1.0279732525272989,
                    0.7158641920786566,
                    -0.205865711017442,
                    0.1269805296252784,
                    0.1366151665745563,
                    0.0006099591187336273,
                    5.083907393210268,
                    0.014477459734210552,
                    -12.231032406203731
                ],
                [
                    0.2428406071254708,
                    0.22139889795149426,
                    -0.3799845842361007,
                    0.24888507613147848,
                    0.05506761920333347,
                    -0.21367913167204966,
                    0.2417664069757044,
                    -0.024754809171166237,
                    0.000620731580726952,
                    -1.1968908709263832,
                    0.09701197838712972,
                    2.6953546558654953
                ],
                [
                    -0.3026593648866632,
                    -1.0279732525272989,
                    0.24888507613147848,
                    0.12442856505550459,
                    -0.2478107817401436,
                    -0.062340960148807856,
                    0.4139460497717997,
                    -0.23725466050454982,
                    -0.0008250569764038929,
                    -3.619334757827014,
                    -0.07190312561494672,
                    2.52204630058694
                ],
                [
                    -0.48032803093749,
                    0.7158641920786566,
